000000000010000011000000000000000000000000000000000000000000000000000000000000000000000010000000000000000000000000000000000000000000000000000000000000000000000000000001111111000000
000000000000000000000000000000000000000000000000000000000000000000000000000000000000000000000000000000000000000000000000000000000000000000000000000000000000001111111111111111111000
000000000000000000000000000000000000000000000000000000000000000000000000000000000000000000000000000000000000000000000000000000000000000000000000000000000000011111111111111111111000
000000000000000000000000000000000000000000000000000010000000000000000000000000000000000000000000000000000000000000000000000000000000000000000000000000000000001110000000110000000000
000000000000000000000000000000000000000000000000000000000000000000000000000000000000000000000000000000000000000000000000000000000000000100000000000000000000000000000000000000000000
000000000000000000000000000000000000000000000000000000000000000000000000000000000000000000000000000000000000000000000000000000000000000000000000000000000000000000000000000000000000
000000000000000000000000000000000000000000000000000000000000000000000000000000000000000000000000000000000000000000000000000000000000000000000000000000000000000000000000000000000000
000000000000000000000000000000000000000000000000000000000000000000000000000000000000000000000000000000000000000000000000000000000000000000000000000000000000000000000000000000000000
000000000000000000000000000000000000000000000000000000000000000011000000000000000000000000000000000000000000000000000000000000000000000000000000000000000000000000000000000000000000
000000000000000000000000000000000000000000000000000000000000000000000000000000000000000000000000000000000000000000000000000000000000000000000000000000000000000000000000000000000000
000000000000000000000000000000000000000000000000000000000000000000000000000000000000000000000000000000000000000000000000000000000000000000000000000000000000000000000000000000000000
000000000000000000000000000000000000000000000000000000000000000000000000000000000000000000000000000000000000000000000000000000000000000000000000000000000000000000000000000000000000
000001000000000000000000000000000000000000000000000000000000000000000000000000000100000000000000000000000000000000000000000001000000000000000000000000000000000000001011110000000000
100011111111100000000000000000000000000111111111100000000000000011000000000000011110000000000000011111111110000000000000000011100000000000001100000000001111111111111111111100000000
100011111111111111000000000000000000001111111111110000000000000111100000000000111100000000000001111111111111000000000000000111100000000000011100000000011111111111111111111110000000
100011111111111111110000000000000000111110000001111000000000000111100000000001111000000000000001111000001111100000000000000111100000000000111000000000001111111111111111111110000000
000011111000001111111000000000000001111100000000000000000000000111100000000001110000000000000011110000000011100000000000001111100000000001110000000000000001100111111001110000000000
000011110000000000111100000000000001110000000000000000000000000111100000000011100000000000000011100000000001110000000000001111100000000011100000000000000000000011110000000000000000
000011110000000000111100000000000011100000000000000000000000001111100000000111000000000000000111100000000001111000000000001111100000000111000000000000000000000011110000000000010000
000011110000000000011100000000000011100000000000000000000000001111100000001110000000000000000111100000000001111000000000000111100000001111000000000000000000000011110000000000000000
000011110000000000011110000000000111100000000000000000000000001111100000011100000000000000000111000000000000111000000000000111100000011110000000000000000000000011110000000000000000
000011111000000000011110000000000111000000000000000000000000000111100001111000000000000000000111000000000000111000000000000111100000111000000000000000000000000111110000000000000000
000011110000000000011110000000000111000000000000000000000000001111100001110000000000000000000111000000000000111000000000000111100001111000000000000000000000000011110000000000000000
000011110000000000011100000000000111000000000000000000000000000111100011100000000000000000000111000000000000111000000000000111100011100000000000000000000000000011110000000000000000
000011110000000000111100000000000111000000000000000000000000000111100111000000000000000000000111100000000000111100000000000111110111100000000000000000000000000011110000000000000000
000011110000000000111100000000000111100000000000000000000000000111111111000000000000000000001111100000000001111100000000000111111111100000000000000000000000000011110000000000000000
000011111000000001111000000000001111101000000100000000000000000111111111100000000000000000001111100000000001111100000000000111111111110000000000000000000000000011110000000000000000
000011111111111111110000000000001111100000001111111000000000000111111111110000000000000000001111000000000000111100000000000111111111111000000000000000000000000011110000000000000000
000011111111111111000000000000000111000000001111111100000000000111111001111100000000000000000111000000000000111000000000000111111111111000000000000000000000000011110000000000000000
000011111111110000000000000000000111100000001111111100000000000111110001111110000000000000000111000000000000111000000000000111110001111000000000000000000000000011110000000000000000
000111111100000000000000000000000111101000000001111100000000000111110001111100000000000000000111000000000000111000000000000111100000111100000000000000000000000011110000000000000000
000111111000000000000000000000000111100000000000111100000000001111100000011100000000000000000111000000000000111000000000000111100000011110000000000000000000000011110000000000000000
000111110000000000000000000000000111000000000000111100000000001111100000011110000000000000000111000000000000111000000000000111100000001111000000000000000000000011110000000000000000
000111111000000000000000000000000111100000000000111100000000001111100000001111100000000000000111000000000000111000000000000111100000001111000000000000000000000011110000000000000000
000011111000000000000000000000000111100000000000111100000000000111100000001111100000000000000111100000000000111000000000000111100000000111100000000000000000000011110000000000000000
000011111000000000000000000000000011110000000000111100000000000111100000000011110000000000000011100000000001110000000000000111100000000111100000000000000000000011110000000000000000
000011110000000000000000000000000001110000000000111100000000000111100000000011110000000000000011100000000011110000000000000111100000000011110000000000000000000011110000000000000000
000011110000000000000000000000000001111100000000111100000000001111110000000001111000000000000001110000000011110000000000000111100000000001111000000000000000000011111000000000000000
000011110000000000000000000000000000111110000001111100000000000111100000000001111000000000000001111000000111100000000000000111100000000000111000000000000000000011110000000000000000
000011110000000000000000000000000000011111111111111000000000001111100000000000111100000000000000111111111111000000000000000111100000000000111100000000000000000011110000000000000000
000011110000000000000000000000000000001111111111110000000000000111100000000000011110000000000000001111111110000000000000000111100000000000011110000000000000000011110000000000000000
000011100000000000000000000000000010000100011000000000000000000011000000000000001110000000000000000011111110000000000000000111100000000000001110000000000000000001110000000000000000
000011100000000000000000000000000000000000000000000000000000000000000000000000000000000000000000000000011110000000000000000010000000000000001100000000000000000000000000000000000000
000000000000000000000000000000000000000000000000000000000000000000000000000000000000000000000000000000000111000000000000000000000000000000000000000000000000000000000000000000000000
000000000000000000000000000000000000000000000000000000000000000000000000000000000000000000000000000000000111100000000000000000000000000000000000000000000000000000000000000000000000
